InputLayer : [[[[ 15 7 17 4 19 8 7 11 5 3]
   [ 11 17 11 6 18 1 2 10 16 6]
   [ 2 11 12 4 13 11 10 5 18 6]
   [ 12 12 4 20 7 3 19 5 5 4]
   [ 8 7 12 18 12 1 11 6 10 6]
   [ 3 11 17 15 6 1 5 15 5 14]
   [ 20 8 5 4 20 3 18 18 7 14]
   [ 13 14 1 17 4 4 17 6 9 7]
   [ 11 4 9 19 10 15 19 14 1 15]
   [ 19 1 15 15 16 14 17 5 3 15]]

  [[ 10 8 9 10 4 4 14 12 9 14]
   [ 18 11 17 7 10 18 13 20 11 13]
   [ 7 1 5 13 15 12 6 11 8 20]
   [ 6 18 19 6 7 2 1 12 14 9]
   [ 18 3 11 6 1 20 4 13 12 6]
   [ 18 18 7 2 10 1 6 7 4 13]
   [ 18 9 10 17 6 9 10 6 12 15]
   [ 6 9 18 16 7 10 8 10 3 19]
   [ 15 12 8 13 5 9 14 10 15 17]
   [ 15 4 17 16 20 14 16 2 19 8]]

  [[ 16 16 8 13 11 14 3 18 3 17]
   [ 8 10 20 15 2 4 3 7 6 9]
   [ 3 20 13 11 7 4 4 3 5 14]
   [ 10 1 9 9 5 12 3 19 9 17]
   [ 15 9 18 6 3 20 10 18 18 7]
   [ 6 13 6 18 3 4 14 19 6 18]
   [ 12 7 10 1 16 15 12 10 13 12]
   [ 18 20 20 16 5 15 7 6 12 4]
   [ 12 17 16 17 7 11 13 20 9 18]
   [ 9 12 17 19 4 4 5 7 13 9]]]]

Convolution2D : [[[[ 3684 3345 3389 2902 2673 2883 2834 3345]
   [ 3002 3450 3108 2892 2683 2506 2789 2995]
   [ 2980 3427 3180 2541 2516 2418 2936 3046]
   [ 3280 3337 2898 2526 2098 3107 3129 3424]
   [ 3471 2856 2807 2718 2723 3104 3375 3383]
   [ 3378 3426 2826 2753 2874 3006 3058 3301]
   [ 3627 3569 3672 3159 3421 3540 3170 3322]
   [ 3766 4209 3745 3595 3268 3348 3202 3179]]

  [[ 3459 3425 3405 2657 2699 2493 2657 3089]
   [ 3325 3246 3535 2790 2461 2913 2867 3293]
   [ 3163 2988 3235 3038 2541 3015 3125 3187]
   [ 3109 3832 3065 2384 2478 2509 3214 3461]
   [ 3656 2958 2917 2731 2767 3238 3511 3417]
   [ 3899 3418 3169 2844 2752 3048 3028 3248]
   [ 3759 3851 3401 3407 3315 3474 3464 3544]
   [ 3791 4119 3998 3700 3421 3295 3316 3045]]

  [[ 3443 3318 3043 3120 2571 2846 2396 3513]
   [ 3384 3206 3301 2734 2226 2942 2444 3536]
   [ 3027 2921 3169 2693 2196 3100 2793 3427]
   [ 3455 3268 2733 2687 1810 3088 2958 3291]
   [ 3413 2713 2842 2944 2388 3440 3202 3211]
   [ 3572 3485 3057 2736 2614 2981 2805 3251]
   [ 3762 3489 3566 3310 3056 3505 3247 3408]
   [ 3510 4133 3677 3820 3091 3328 3041 3090]]

  [[ 3745 4245 3460 3069 2713 2767 2702 3327]
   [ 3578 3637 3231 3306 2430 2752 3031 3369]
   [ 3323 3368 3355 3556 2514 2876 3308 3618]
   [ 3310 3489 3289 2849 2556 3412 3391 4071]
   [ 3645 3459 3209 2910 3068 3340 3912 3845]
   [ 4143 3685 2954 3231 2717 3244 3630 3481]
   [ 4030 3808 3857 3767 3350 3986 3747 3613]
   [ 4445 4397 4311 3634 3232 3766 3618 3292]]]]

BatchNormalization : [[[[ 3682 3343 3387 2900 2671 2881 2832 3343]
   [ 3000 3448 3106 2890 2681 2504 2787 2993]
   [ 2978 3425 3178 2539 2514 2416 2934 3044]
   [ 3278 3335 2896 2524 2096 3105 3127 3422]
   [ 3469 2854 2805 2716 2721 3102 3373 3381]
   [ 3376 3424 2824 2751 2872 3004 3056 3299]
   [ 3625 3567 3670 3157 3419 3538 3168 3320]
   [ 3764 4206 3743 3593 3266 3346 3200 3177]]

  [[ 3457 3423 3403 2655 2697 2491 2655 3087]
   [ 3323 3244 3533 2788 2459 2911 2865 3291]
   [ 3161 2986 3233 3036 2539 3013 3123 3185]
   [ 3107 3830 3063 2382 2476 2507 3212 3459]
   [ 3654 2956 2915 2729 2765 3236 3509 3415]
   [ 3897 3416 3167 2842 2750 3046 3026 3246]
   [ 3757 3849 3399 3405 3313 3472 3462 3542]
   [ 3789 4116 3996 3698 3419 3293 3314 3043]]

  [[ 3441 3316 3041 3118 2569 2844 2394 3511]
   [ 3382 3204 3299 2732 2224 2940 2442 3534]
   [ 3025 2919 3167 2691 2194 3098 2791 3425]
   [ 3453 3266 2731 2685 1809 3086 2956 3289]
   [ 3411 2711 2840 2942 2386 3438 3200 3209]
   [ 3570 3483 3055 2734 2612 2979 2803 3249]
   [ 3760 3487 3564 3308 3054 3503 3245 3406]
   [ 3508 4130 3675 3818 3089 3326 3039 3088]]

  [[ 3743 4242 3458 3067 2711 2765 2700 3325]
   [ 3576 3635 3229 3304 2428 2750 3029 3367]
   [ 3321 3366 3353 3554 2512 2874 3306 3616]
   [ 3308 3487 3287 2847 2554 3410 3389 4068]
   [ 3643 3457 3207 2908 3066 3338 3910 3843]
   [ 4140 3683 2952 3229 2715 3242 3628 3479]
   [ 4027 3806 3855 3765 3348 3984 3745 3611]
   [ 4442 4394 4308 3632 3230 3764 3616 3290]]]]

Convolution2D : [[[[ 462456 815851 762583 712465 654305 635253 686273 483119]
   [ 776813 1300566 1248819 1161828 1065542 1044497 1137979 843014]
   [ 751347 1259745 1223143 1105533 1057017 1049347 1181438 880628]
   [ 732563 1248820 1196987 1094177 1068842 1102001 1230926 920923]
   [ 781757 1285471 1178504 1086788 1073654 1125445 1272303 928353]
   [ 813615 1333276 1238360 1191921 1176336 1222919 1299985 932913]
   [ 873784 1424024 1378203 1269866 1249532 1249163 1279461 919044]
   [ 616901 1042355 1035671 973173 944278 929834 934047 703860]]

  [[ 536285 820838 765800 708781 649431 635078 693187 503856]
   [ 864532 1231020 1173715 1085128 1018592 1003075 1098689 800116]
   [ 844803 1212098 1165449 1038220 970435 1022145 1124021 832490]
   [ 852926 1177161 1115119 1024169 1005025 1092500 1192255 866802]
   [ 875365 1234831 1112219 1015937 1034203 1105911 1207912 860501]
   [ 907639 1244797 1178268 1128788 1138951 1195823 1252862 869352]
   [ 968351 1363390 1306242 1232095 1196658 1203976 1225536 838921]
   [ 713602 922342 893769 841387 821709 826082 815092 498260]]

  [[ 584204 878290 826273 753915 700848 691655 739295 515057]
   [ 855368 1274323 1223365 1121816 1041641 1035499 1122951 799498]
   [ 837174 1227358 1179561 1076889 1028863 1057612 1167186 832190]
   [ 830252 1219873 1161607 1056982 1036918 1101626 1218834 862696]
   [ 870710 1243942 1137381 1057865 1062726 1136795 1255560 878592]
   [ 907009 1299048 1214544 1154528 1154789 1205538 1267446 868622]
   [ 970794 1405718 1341367 1252472 1230285 1241031 1265452 861888]
   [ 676146 1059568 1041213 980839 948293 927576 928517 655839]]

  [[ 633297 900702 855341 771732 722392 709169 772477 523471]
   [ 789331 1224574 1175696 1069516 1009502 996486 1084264 779667]
   [ 779178 1188805 1146124 1031599 984804 1009331 1123017 805748]
   [ 774004 1167854 1113832 1023849 1011871 1075351 1182369 847470]
   [ 800727 1203148 1128938 1035546 1036156 1098916 1192502 857154]
   [ 850465 1271784 1178572 1113834 1128957 1158887 1226352 865800]
   [ 897489 1369875 1316626 1227719 1209843 1199440 1216544 840309]
   [ 615972 962733 934354 875486 845506 836157 831233 581546]]

  [[ 580834 981807 924149 857941 785393 758999 831105 632239]
   [ 909508 1485138 1433345 1319714 1225401 1187200 1302028 1017415]
   [ 901168 1456890 1395986 1270413 1175165 1192237 1345964 1065248]
   [ 895168 1430837 1338996 1242686 1217790 1257304 1432136 1116003]
   [ 930953 1474602 1353084 1235044 1230523 1299668 1435704 1120756]
   [ 969704 1517361 1429477 1355848 1355984 1406478 1491317 1128967]
   [ 1038589 1647861 1578021 1478229 1435882 1431414 1468215 1097413]
   [ 725243 1149283 1128811 1058423 1030827 1008682 1016277 746487]]

  [[ 678399 914678 861418 769461 728756 720316 798738 462795]
   [ 939388 1374751 1325467 1203011 1131880 1124873 1243549 771445]
   [ 934935 1345409 1267652 1144868 1129462 1149602 1288787 813407]
   [ 912560 1298805 1248505 1143819 1178209 1216226 1348589 843246]
   [ 965819 1338796 1244916 1147640 1166868 1236624 1354720 854020]
   [ 994780 1407521 1323441 1253603 1280918 1323993 1382726 860194]
   [ 1070957 1540691 1455713 1346432 1348183 1333348 1362047 833162]
   [ 652819 1069456 1045511 978277 966515 938230 951190 602965]]

  [[ 443257 683996 669108 595225 557085 553118 596255 368932]
   [ 727586 1161012 1116239 1018532 965333 942060 1040856 646004]
   [ 714117 1139846 1072069 965202 965315 936020 1067932 669392]
   [ 697565 1101869 1051789 971177 977813 1002776 1111121 703898]
   [ 738881 1126835 1049590 958028 978232 1025561 1137114 721586]
   [ 740680 1184282 1103790 1048048 1083903 1095471 1162830 735251]
   [ 807954 1274288 1208952 1127466 1134533 1100135 1146031 710693]
   [ 561993 932826 903167 867768 847818 820708 840658 517458]]

  [[ 569889 957180 915772 829635 785255 746815 823443 562400]
   [ 801842 1233966 1185993 1083562 1036692 1009241 1118096 751590]
   [ 798607 1209483 1155353 1037077 998813 1025437 1168650 786373]
   [ 781424 1198927 1124240 1037276 1043255 1095146 1229177 823845]
   [ 823482 1239819 1132009 1040311 1070454 1121438 1224123 817225]
   [ 852368 1296859 1231505 1166881 1185665 1209000 1268517 820654]
   [ 916964 1401455 1350203 1271533 1240873 1222545 1250672 805063]
   [ 526125 779998 769274 719916 707406 685976 687968 426324]]]]

MaxPooling2D : [[[[ 1300566 1300566 1248819 1161828 1065542 1137979 1137979]
   [ 1300566 1300566 1248819 1161828 1065542 1181438 1181438]
   [ 1259745 1259745 1223143 1105533 1102001 1230926 1230926]
   [ 1285471 1285471 1196987 1094177 1125445 1272303 1272303]
   [ 1333276 1333276 1238360 1191921 1222919 1299985 1299985]
   [ 1424024 1424024 1378203 1269866 1249532 1299985 1299985]
   [ 1424024 1424024 1378203 1269866 1249532 1279461 1279461]]

  [[ 1231020 1231020 1173715 1085128 1018592 1098689 1098689]
   [ 1231020 1231020 1173715 1085128 1022145 1124021 1124021]
   [ 1212098 1212098 1165449 1038220 1092500 1192255 1192255]
   [ 1234831 1234831 1115119 1034203 1105911 1207912 1207912]
   [ 1244797 1244797 1178268 1138951 1195823 1252862 1252862]
   [ 1363390 1363390 1306242 1232095 1203976 1252862 1252862]
   [ 1363390 1363390 1306242 1232095 1203976 1225536 1225536]]

  [[ 1274323 1274323 1223365 1121816 1041641 1122951 1122951]
   [ 1274323 1274323 1223365 1121816 1057612 1167186 1167186]
   [ 1227358 1227358 1179561 1076889 1101626 1218834 1218834]
   [ 1243942 1243942 1161607 1062726 1136795 1255560 1255560]
   [ 1299048 1299048 1214544 1154789 1205538 1267446 1267446]
   [ 1405718 1405718 1341367 1252472 1241031 1267446 1267446]
   [ 1405718 1405718 1341367 1252472 1241031 1265452 1265452]]

  [[ 1224574 1224574 1175696 1069516 1009502 1084264 1084264]
   [ 1224574 1224574 1175696 1069516 1009502 1123017 1123017]
   [ 1188805 1188805 1146124 1031599 1075351 1182369 1182369]
   [ 1203148 1203148 1128938 1036156 1098916 1192502 1192502]
   [ 1271784 1271784 1178572 1128957 1158887 1226352 1226352]
   [ 1369875 1369875 1316626 1227719 1209843 1226352 1226352]
   [ 1369875 1369875 1316626 1227719 1209843 1216544 1216544]]

  [[ 1485138 1485138 1433345 1319714 1225401 1302028 1302028]
   [ 1485138 1485138 1433345 1319714 1225401 1345964 1345964]
   [ 1456890 1456890 1395986 1270413 1257304 1432136 1432136]
   [ 1474602 1474602 1353084 1242686 1299668 1435704 1435704]
   [ 1517361 1517361 1429477 1355984 1406478 1491317 1491317]
   [ 1647861 1647861 1578021 1478229 1435882 1491317 1491317]
   [ 1647861 1647861 1578021 1478229 1435882 1468215 1468215]]

  [[ 1374751 1374751 1325467 1203011 1131880 1243549 1243549]
   [ 1374751 1374751 1325467 1203011 1149602 1288787 1288787]
   [ 1345409 1345409 1267652 1178209 1216226 1348589 1348589]
   [ 1338796 1338796 1248505 1178209 1236624 1354720 1354720]
   [ 1407521 1407521 1323441 1280918 1323993 1382726 1382726]
   [ 1540691 1540691 1455713 1348183 1348183 1382726 1382726]
   [ 1540691 1540691 1455713 1348183 1348183 1362047 1362047]]

  [[ 1161012 1161012 1116239 1018532 965333 1040856 1040856]
   [ 1161012 1161012 1116239 1018532 965333 1067932 1067932]
   [ 1139846 1139846 1072069 977813 1002776 1111121 1111121]
   [ 1126835 1126835 1051789 978232 1025561 1137114 1137114]
   [ 1184282 1184282 1103790 1083903 1095471 1162830 1162830]
   [ 1274288 1274288 1208952 1134533 1134533 1162830 1162830]
   [ 1274288 1274288 1208952 1134533 1134533 1146031 1146031]]

  [[ 1233966 1233966 1185993 1083562 1036692 1118096 1118096]
   [ 1233966 1233966 1185993 1083562 1036692 1168650 1168650]
   [ 1209483 1209483 1155353 1043255 1095146 1229177 1229177]
   [ 1239819 1239819 1132009 1070454 1121438 1229177 1229177]
   [ 1296859 1296859 1231505 1185665 1209000 1268517 1268517]
   [ 1401455 1401455 1350203 1271533 1240873 1268517 1268517]
   [ 1401455 1401455 1350203 1271533 1240873 1250672 1250672]]]]

Activations.Relu : [[[[ 1300566 1300566 1248819 1161828 1065542 1137979 1137979]
   [ 1300566 1300566 1248819 1161828 1065542 1181438 1181438]
   [ 1259745 1259745 1223143 1105533 1102001 1230926 1230926]
   [ 1285471 1285471 1196987 1094177 1125445 1272303 1272303]
   [ 1333276 1333276 1238360 1191921 1222919 1299985 1299985]
   [ 1424024 1424024 1378203 1269866 1249532 1299985 1299985]
   [ 1424024 1424024 1378203 1269866 1249532 1279461 1279461]]

  [[ 1231020 1231020 1173715 1085128 1018592 1098689 1098689]
   [ 1231020 1231020 1173715 1085128 1022145 1124021 1124021]
   [ 1212098 1212098 1165449 1038220 1092500 1192255 1192255]
   [ 1234831 1234831 1115119 1034203 1105911 1207912 1207912]
   [ 1244797 1244797 1178268 1138951 1195823 1252862 1252862]
   [ 1363390 1363390 1306242 1232095 1203976 1252862 1252862]
   [ 1363390 1363390 1306242 1232095 1203976 1225536 1225536]]

  [[ 1274323 1274323 1223365 1121816 1041641 1122951 1122951]
   [ 1274323 1274323 1223365 1121816 1057612 1167186 1167186]
   [ 1227358 1227358 1179561 1076889 1101626 1218834 1218834]
   [ 1243942 1243942 1161607 1062726 1136795 1255560 1255560]
   [ 1299048 1299048 1214544 1154789 1205538 1267446 1267446]
   [ 1405718 1405718 1341367 1252472 1241031 1267446 1267446]
   [ 1405718 1405718 1341367 1252472 1241031 1265452 1265452]]

  [[ 1224574 1224574 1175696 1069516 1009502 1084264 1084264]
   [ 1224574 1224574 1175696 1069516 1009502 1123017 1123017]
   [ 1188805 1188805 1146124 1031599 1075351 1182369 1182369]
   [ 1203148 1203148 1128938 1036156 1098916 1192502 1192502]
   [ 1271784 1271784 1178572 1128957 1158887 1226352 1226352]
   [ 1369875 1369875 1316626 1227719 1209843 1226352 1226352]
   [ 1369875 1369875 1316626 1227719 1209843 1216544 1216544]]

  [[ 1485138 1485138 1433345 1319714 1225401 1302028 1302028]
   [ 1485138 1485138 1433345 1319714 1225401 1345964 1345964]
   [ 1456890 1456890 1395986 1270413 1257304 1432136 1432136]
   [ 1474602 1474602 1353084 1242686 1299668 1435704 1435704]
   [ 1517361 1517361 1429477 1355984 1406478 1491317 1491317]
   [ 1647861 1647861 1578021 1478229 1435882 1491317 1491317]
   [ 1647861 1647861 1578021 1478229 1435882 1468215 1468215]]

  [[ 1374751 1374751 1325467 1203011 1131880 1243549 1243549]
   [ 1374751 1374751 1325467 1203011 1149602 1288787 1288787]
   [ 1345409 1345409 1267652 1178209 1216226 1348589 1348589]
   [ 1338796 1338796 1248505 1178209 1236624 1354720 1354720]
   [ 1407521 1407521 1323441 1280918 1323993 1382726 1382726]
   [ 1540691 1540691 1455713 1348183 1348183 1382726 1382726]
   [ 1540691 1540691 1455713 1348183 1348183 1362047 1362047]]

  [[ 1161012 1161012 1116239 1018532 965333 1040856 1040856]
   [ 1161012 1161012 1116239 1018532 965333 1067932 1067932]
   [ 1139846 1139846 1072069 977813 1002776 1111121 1111121]
   [ 1126835 1126835 1051789 978232 1025561 1137114 1137114]
   [ 1184282 1184282 1103790 1083903 1095471 1162830 1162830]
   [ 1274288 1274288 1208952 1134533 1134533 1162830 1162830]
   [ 1274288 1274288 1208952 1134533 1134533 1146031 1146031]]

  [[ 1233966 1233966 1185993 1083562 1036692 1118096 1118096]
   [ 1233966 1233966 1185993 1083562 1036692 1168650 1168650]
   [ 1209483 1209483 1155353 1043255 1095146 1229177 1229177]
   [ 1239819 1239819 1132009 1070454 1121438 1229177 1229177]
   [ 1296859 1296859 1231505 1185665 1209000 1268517 1268517]
   [ 1401455 1401455 1350203 1271533 1240873 1268517 1268517]
   [ 1401455 1401455 1350203 1271533 1240873 1250672 1250672]]]]

AveragePooling2D : [[[[ 1251175]]

  [[ 1195447]]

  [[ 1227430]]

  [[ 1187947]]

  [[ 1435006]]

  [[ 1336079]]

  [[ 1119351]]

  [[ 1217983]]]]

Flatten : [[ 1251175 1195447 1227430 1187947 1435006 1336079 1119351 1217983]]

Dense : [[ 82960440 100851200 120841424 76318336 95150616 95645792 121140600 140503792]]

Dense : [[ 1 0 0]]

