InputLayer : [[[[ 7  8  8  7  9  6  5  1  4  9]
   [10  3  8  6  9  4 10  9  2  1]
   [ 4  2 10  3  4  6  2  8  4  4]
   [ 9  2  1  8  8  9  4  2  1  9]
   [ 2 10  1  1  7  9  4  7  9  5]
   [ 9  2  6 10  5  9  5  8  9  1]
   [ 3  7  2  3  4 10  3  9  1  5]
   [ 9  5  6  1  5  3  1  9  1 10]
   [ 3  1  3  1  1  9  1  7  7  9]
   [ 7  1  7  1  6  3 10 10  3  2]]

  [[ 5  2  6 10  2  1  4  3  1  6]
   [ 2  3  7  6  5  9  5  8  7  3]
   [ 8  4  3  5  6  8  9  7  8  1]
   [ 8  4  2  6  3  6  8  9 10  8]
   [ 4  3  2  2  8  9 10  2  6  7]
   [ 4  3  2  9  9  7  8  7  5  5]
   [10  4 10  1  1  3  8  8  1  7]
   [ 7  6  9  1  8  9  9  9 10  6]
   [ 7  6 10  8  6  9  6  3  7  2]
   [10  6  6  9  9  6  1  8  4  3]]

  [[ 5  2  9  5  2  8  3 10  6  5]
   [ 5  3 10  5  2  7  5 10  9  3]
   [ 1  8  1  6  7  1  2  9  8  7]
   [ 4  4 10  4  9  2  1  3  3  8]
   [ 7 10  2  8  6  4  4  2  5  5]
   [ 4  5  2  6  3 10  6  6  1  6]
   [ 2  4  9  3  7  9  4  9  4  9]
   [ 8 10  8 10 10  5  5  5  6  9]
   [ 9  9  5  1  7  7  2  2  2  2]
   [ 7  5  5  8 10  3  6  3  3  9]]]]

Convolution2D : [[[[ 851  840  904  844  827  998 1040  999]
   [ 798  731  924  903  839  915  938 1031]
   [ 700  726  774  905  973  890  851  913]
   [ 717  774  866  993 1053  980  798  881]
   [ 792  785  795  957  974 1062  839  859]
   [ 913  944  841  937  962 1141  903 1031]
   [1079  910  895  931  955  969  774  960]
   [1059  979 1002  973  969  876  743  846]]

  [[ 708  715  777  765  678  809  859  730]
   [ 688  728  735  788  748  785  811  793]
   [ 610  569  695  780  781  714  790  812]
   [ 614  665  729  917  869  763  725  734]
   [ 725  674  680  773  826  859  736  750]
   [ 850  665  769  809  856  903  756  819]
   [ 865  647  688  776  744  766  709  734]
   [ 893  812  910  815  759  776  700  775]]

  [[ 974 1011 1064  955  926 1053 1023  958]
   [ 945  838 1031  975  933 1052 1079 1031]
   [ 778  826  870 1024  993  970  911  969]
   [ 802  752  880 1157 1105 1010  929 1010]
   [ 802  866  890 1067 1121 1165 1015  941]
   [ 963  936  913 1079 1106 1219  988 1070]
   [1135  876  942  916  927 1081  857 1049]
   [1135  896  975  985 1009  931  896 1037]]

  [[ 730  821  798  804  797  816  812  795]
   [ 740  623  815  804  786  897  859  781]
   [ 626  659  620  791  831  732  764  785]
   [ 604  606  745  880  937  841  685  788]
   [ 712  603  688  804  921  864  810  795]
   [ 788  800  731  817  844  915  883  800]
   [ 878  702  716  708  809  841  710  816]
   [ 853  776  788  781  776  760  706  770]]]]

BatchNormalization : [[[[ 850  839  903  843  826  997 1039  998]
   [ 797  730  923  902  838  914  937 1030]
   [ 699  725  773  904  972  889  850  912]
   [ 716  773  865  992 1052  979  797  880]
   [ 791  784  794  956  973 1061  838  858]
   [ 912  943  840  936  961 1140  902 1030]
   [1078  909  894  930  954  968  773  959]
   [1058  978 1001  972  968  875  742  845]]

  [[ 707  714  776  764  677  808  858  729]
   [ 687  727  734  787  747  784  810  792]
   [ 609  568  694  779  780  713  789  811]
   [ 613  664  728  916  868  762  724  733]
   [ 724  673  679  772  825  858  735  749]
   [ 849  664  768  808  855  902  755  818]
   [ 864  646  687  775  743  765  708  733]
   [ 892  811  909  814  758  775  699  774]]

  [[ 973 1010 1063  954  925 1052 1022  957]
   [ 944  837 1030  974  932 1051 1078 1030]
   [ 777  825  869 1023  992  969  910  968]
   [ 801  751  879 1156 1104 1009  928 1009]
   [ 801  865  889 1066 1120 1164 1014  940]
   [ 962  935  912 1078 1105 1218  987 1069]
   [1134  875  941  915  926 1080  856 1048]
   [1134  895  974  984 1008  930  895 1036]]

  [[ 729  820  797  803  796  815  811  794]
   [ 739  622  814  803  785  896  858  780]
   [ 625  658  619  790  830  731  763  784]
   [ 603  605  744  879  936  840  684  787]
   [ 711  602  687  803  920  863  809  794]
   [ 787  799  730  816  843  914  882  799]
   [ 877  701  715  707  808  840  709  815]
   [ 852  775  787  780  775  759  705  769]]]]

Convolution2D : [[[[ 44774  83675  84594  85780  86979  87997  91593  60767]
   [ 86661 144267 148259 153593 156828 157440 159895 101673]
   [ 80943 137710 147555 156566 162545 159386 159399  98508]
   [ 79099 132135 144107 156038 165810 160548 155973  94911]
   [ 84832 139302 150583 162068 173645 166039 162635  96377]
   [ 89744 146516 147651 155904 168846 162791 164237  97213]
   [ 97426 160311 154776 159513 165392 159190 162966  96278]
   [ 66684 112597 105002 107558 109776 105493 106924  66426]]

  [[ 72333 111049 113231 115297 116769 120776 124435  86464]
   [107265 160891 166732 171970 177116 178481 180203 118611]
   [100544 152012 165529 179481 184757 180840 177360 114394]
   [100709 149747 163413 179525 188620 182284 176229 112187]
   [107750 158849 171162 184410 195449 188081 182839 115799]
   [117074 165960 167769 177049 190183 186008 183069 115221]
   [125745 178641 175427 179627 185461 178650 179032 113442]
   [ 83109 116294 111238 113834 114386 108494 110089  64703]]

  [[ 79687 118936 120400 122267 124426 127881 131099  81182]
   [ 95972 156868 166524 172092 174436 176227 180365 121733]
   [ 90859 150351 162430 180058 181860 175662 175916 117310]
   [ 91969 148050 161676 177204 188902 180573 173660 113889]
   [100392 155879 166572 179797 195404 189904 182997 116267]
   [108811 166212 164729 174289 187128 185043 183367 116622]
   [115915 178180 173270 175189 180321 175589 177475 115974]
   [ 70664 114797 106413 108259 108320 104436 105513  70505]]

  [[ 76159 114680 116825 118003 119755 122953 126432  81248]
   [104546 160097 165644 171672 175559 176244 179281 114973]
   [ 98189 150748 164242 177964 181825 177543 174517 110163]
   [ 98553 147725 163210 177884 187425 180213 174098 107644]
   [105779 156571 169626 182226 194080 186422 182001 110505]
   [114155 164932 167495 176314 188689 184271 183050 110124]
   [121643 177667 173029 176036 182295 175606 177493 108532]
   [ 79035 123285 116081 119097 119542 114116 115814  67013]]

  [[ 76678 119133 120843 122919 124940 127933 131980  84243]
   [107195 162151 167918 175161 180390 179927 181558 109658]
   [100227 155488 169656 182629 188153 181935 179149 106049]
   [101192 152942 168341 183519 190875 184609 179325 103207]
   [110227 163308 175224 186069 198481 190760 186936 107581]
   [119008 169994 172306 180516 192453 185341 185436 105763]
   [125014 181913 178892 183552 187402 178851 180684 102974]
   [ 73853 109245 104294 106310 106901 100645 103959  54662]]

  [[ 59174  97902  98872 100455 102306 104136 106813  72175]
   [ 84915 136649 140946 145655 150468 153220 155293 102037]
   [ 78879 128674 139154 149021 155182 152279 149992  97566]
   [ 78045 126405 138713 152316 160320 154889 149471  94913]
   [ 83236 134899 143732 155361 165807 160185 154848  97250]
   [ 90747 142937 143032 150419 160556 158323 156414  97143]
   [ 98259 152626 145858 150044 156705 152128 152876  95931]
   [ 74452 110411 104693 107153 107780 101734 103243  62843]]

  [[ 70585 111179 112692 112927 115482 117337 120057  75770]
   [109789 160731 168327 172737 175402 178477 181882 115816]
   [102736 152890 167274 176957 181619 178070 175841 112556]
   [101317 147135 162923 180531 188520 179374 173361 110200]
   [107974 156786 168938 183910 196675 186200 181516 112663]
   [115985 166652 167438 178430 190945 184673 184128 112270]
   [126683 178912 171834 177443 183377 179294 177412 110785]
   [ 89711 124121 118772 122295 123106 118371 117960  80621]]

  [[ 73005 107963 112109 112817 112758 117396 121288  91623]
   [ 96454 156959 163682 171503 173946 174139 177471 133071]
   [ 90663 149345 160360 176242 182055 176326 173916 128224]
   [ 91049 146513 158910 175414 186606 181878 171638 123871]
   [ 99301 155560 163885 178848 192453 189491 179744 126835]
   [108590 163871 163544 171562 185472 184694 181034 128705]
   [115659 176362 171972 175096 181740 176429 177504 125637]
   [ 72049 121854 114527 115908 116882 112900 113144  79819]]]]

MaxPooling2D : [[[[144267 148259 153593 156828 157440 159895 159895]
   [144267 148259 156566 162545 162545 159895 159895]
   [137710 147555 156566 165810 165810 160548 159399]
   [139302 150583 162068 173645 173645 166039 162635]
   [146516 150583 162068 173645 173645 166039 164237]
   [160311 160311 159513 168846 168846 164237 164237]
   [160311 160311 159513 165392 165392 162966 162966]]

  [[160891 166732 171970 177116 178481 180203 180203]
   [160891 166732 179481 184757 184757 180840 180203]
   [152012 165529 179525 188620 188620 182284 177360]
   [158849 171162 184410 195449 195449 188081 182839]
   [165960 171162 184410 195449 195449 188081 183069]
   [178641 178641 179627 190183 190183 186008 183069]
   [178641 178641 179627 185461 185461 179032 179032]]

  [[156868 166524 172092 174436 176227 180365 180365]
   [156868 166524 180058 181860 181860 180365 180365]
   [150351 162430 180058 188902 188902 180573 175916]
   [155879 166572 179797 195404 195404 189904 182997]
   [166212 166572 179797 195404 195404 189904 183367]
   [178180 178180 175189 187128 187128 185043 183367]
   [178180 178180 175189 180321 180321 177475 177475]]

  [[160097 165644 171672 175559 176244 179281 179281]
   [160097 165644 177964 181825 181825 179281 179281]
   [150748 164242 177964 187425 187425 180213 174517]
   [156571 169626 182226 194080 194080 186422 182001]
   [164932 169626 182226 194080 194080 186422 183050]
   [177667 177667 176314 188689 188689 184271 183050]
   [177667 177667 176036 182295 182295 177493 177493]]

  [[162151 167918 175161 180390 180390 181558 181558]
   [162151 169656 182629 188153 188153 181935 181558]
   [155488 169656 183519 190875 190875 184609 179325]
   [163308 175224 186069 198481 198481 190760 186936]
   [169994 175224 186069 198481 198481 190760 186936]
   [181913 181913 183552 192453 192453 185436 185436]
   [181913 181913 183552 187402 187402 180684 180684]]

  [[136649 140946 145655 150468 153220 155293 155293]
   [136649 140946 149021 155182 155182 155293 155293]
   [128674 139154 152316 160320 160320 154889 149992]
   [134899 143732 155361 165807 165807 160185 154848]
   [142937 143732 155361 165807 165807 160185 156414]
   [152626 152626 150419 160556 160556 158323 156414]
   [152626 152626 150044 156705 156705 152876 152876]]

  [[160731 168327 172737 175402 178477 181882 181882]
   [160731 168327 176957 181619 181619 181882 181882]
   [152890 167274 180531 188520 188520 179374 175841]
   [156786 168938 183910 196675 196675 186200 181516]
   [166652 168938 183910 196675 196675 186200 184128]
   [178912 178912 178430 190945 190945 184673 184128]
   [178912 178912 177443 183377 183377 179294 177412]]

  [[156959 163682 171503 173946 174139 177471 177471]
   [156959 163682 176242 182055 182055 177471 177471]
   [149345 160360 176242 186606 186606 181878 173916]
   [155560 163885 178848 192453 192453 189491 179744]
   [163871 163885 178848 192453 192453 189491 181034]
   [176362 176362 175096 185472 185472 184694 181034]
   [176362 176362 175096 181740 181740 177504 177504]]]]

Activation.Relu : [[[[144267 148259 153593 156828 157440 159895 159895]
   [144267 148259 156566 162545 162545 159895 159895]
   [137710 147555 156566 165810 165810 160548 159399]
   [139302 150583 162068 173645 173645 166039 162635]
   [146516 150583 162068 173645 173645 166039 164237]
   [160311 160311 159513 168846 168846 164237 164237]
   [160311 160311 159513 165392 165392 162966 162966]]

  [[160891 166732 171970 177116 178481 180203 180203]
   [160891 166732 179481 184757 184757 180840 180203]
   [152012 165529 179525 188620 188620 182284 177360]
   [158849 171162 184410 195449 195449 188081 182839]
   [165960 171162 184410 195449 195449 188081 183069]
   [178641 178641 179627 190183 190183 186008 183069]
   [178641 178641 179627 185461 185461 179032 179032]]

  [[156868 166524 172092 174436 176227 180365 180365]
   [156868 166524 180058 181860 181860 180365 180365]
   [150351 162430 180058 188902 188902 180573 175916]
   [155879 166572 179797 195404 195404 189904 182997]
   [166212 166572 179797 195404 195404 189904 183367]
   [178180 178180 175189 187128 187128 185043 183367]
   [178180 178180 175189 180321 180321 177475 177475]]

  [[160097 165644 171672 175559 176244 179281 179281]
   [160097 165644 177964 181825 181825 179281 179281]
   [150748 164242 177964 187425 187425 180213 174517]
   [156571 169626 182226 194080 194080 186422 182001]
   [164932 169626 182226 194080 194080 186422 183050]
   [177667 177667 176314 188689 188689 184271 183050]
   [177667 177667 176036 182295 182295 177493 177493]]

  [[162151 167918 175161 180390 180390 181558 181558]
   [162151 169656 182629 188153 188153 181935 181558]
   [155488 169656 183519 190875 190875 184609 179325]
   [163308 175224 186069 198481 198481 190760 186936]
   [169994 175224 186069 198481 198481 190760 186936]
   [181913 181913 183552 192453 192453 185436 185436]
   [181913 181913 183552 187402 187402 180684 180684]]

  [[136649 140946 145655 150468 153220 155293 155293]
   [136649 140946 149021 155182 155182 155293 155293]
   [128674 139154 152316 160320 160320 154889 149992]
   [134899 143732 155361 165807 165807 160185 154848]
   [142937 143732 155361 165807 165807 160185 156414]
   [152626 152626 150419 160556 160556 158323 156414]
   [152626 152626 150044 156705 156705 152876 152876]]

  [[160731 168327 172737 175402 178477 181882 181882]
   [160731 168327 176957 181619 181619 181882 181882]
   [152890 167274 180531 188520 188520 179374 175841]
   [156786 168938 183910 196675 196675 186200 181516]
   [166652 168938 183910 196675 196675 186200 184128]
   [178912 178912 178430 190945 190945 184673 184128]
   [178912 178912 177443 183377 183377 179294 177412]]

  [[156959 163682 171503 173946 174139 177471 177471]
   [156959 163682 176242 182055 182055 177471 177471]
   [149345 160360 176242 186606 186606 181878 173916]
   [155560 163885 178848 192453 192453 189491 179744]
   [163871 163885 178848 192453 192453 189491 181034]
   [176362 176362 175096 185472 185472 184694 181034]
   [176362 176362 175096 181740 181740 177504 177504]]]]

AveragePooling2D : [[[[159497]]

  [[179577]]

  [[178079]]

  [[178019]]

  [[182237]]

  [[152400]]

  [[179285]]

  [[176558]]]]

